Seed10m1km.txt
nrows 100
cellsize 10.0
xllcorner 0.0
ncols 100
yllcorner 0.0
[rows 51 to 67 of 100, columns 37 to 73 of 100]
1.518405421207944173e+01 1.545753622052760434e+01 1.583964563401299763e+01 1.582513757360297468e+01 1.586245263739986555e+01 1.556666136568119185e+01 1.576156419217752003e+01 1.537749187724785216e+01 1.530099389698263579e+01 1.534353371266912802e+01 1.557878884755192495e+01 1.519962903590887748e+01 1.582990952806623852e+01 1.504665628158201685e+01 1.552986020143416290e+01 1.593737800002887717e+01 1.537966249510535732e+01 1.555273573017937494e+01 1.585212319221835031e+01 1.500464790428938855e+01 1.543667488470268268e+01 1.530380257201621852e+01 1.522393228608583193e+01 1.582473711196451482e+01 1.568890609442521900e+01 1.584355153800256844e+01 1.585122527704407602e+01 1.507325758650917180e+01 1.563431258099338628e+01 1.573389683362956859e+01 1.557615481361073861e+01 1.590905370070833946e+01 1.539417397507865104e+01 1.587132043439265594e+01 1.538363047185839783e+01 1.571086282812746049e+01 1.551838404035932051e+01
1.572512030897093105e+01 1.543278034872610505e+01 1.522180469039590456e+01 1.566626115293765231e+01 1.599444154520257300e+01 1.574806452721915484e+01 1.502757827659548973e+01 1.576292150943902470e+01 1.524790061630200277e+01 1.542829394397643838e+01 1.592345867054591224e+01 1.599152163666757609e+01 1.544270159657476604e+01 1.545043452709352216e+01 1.540109554568927130e+01 1.560074490271773762e+01 1.548939842908396614e+01 1.564580747560828300e+01 1.561774672864802227e+01 1.559735039447568106e+01 1.536834490135935738e+01 1.517356878517602503e+01 1.544484200401404195e+01 1.578129683896347046e+01 1.509826849492823442e+01 1.583427001618946051e+01 1.545487647347436244e+01 1.527332180011928742e+01 1.554689188521270893e+01 1.536783268376026435e+01 1.563320732282035586e+01 1.562086095686508713e+01 1.548386508621288193e+01 1.511123146533478945e+01 1.559791191499797769e+01 1.521367400473424780e+01 1.586456419480919422e+01
1.556865529023969685e+01 1.573361645916902773e+01 1.555435065347658252e+01 1.599132233685424609e+01 1.518886879568437998e+01 1.590250662241395574e+01 1.504172143655310556e+01 1.536829768266047758e+01 1.529126233625348519e+01 1.505393251098803375e+01 1.503468434657400010e+01 1.539787511567235434e+01 1.504683712619827496e+01 1.534020571686551726e+01 1.525028126461165812e+01 1.597846556502762994e+01 1.529076153766444257e+01 1.513632243734810601e+01 1.542525986738644939e+01 1.542187701561451796e+01 1.573872316674490079e+01 1.538839520541576000e+01 1.589383276762235830e+01 1.594220762931389146e+01 1.532436331184840839e+01 1.542257503472576197e+01 1.518533440876967333e+01 1.513513140896819031e+01 1.578292641051612577e+01 1.533943699479571698e+01 1.526778196795867792e+01 1.501808249309332766e+01 1.591680696187766841e+01 1.514935909159285643e+01 1.525089759692299296e+01 1.528676446843783587e+01 1.503723381511581536e+01
1.554807729827221507e+01 1.514759984090937195e+01 1.570247780019788308e+01 1.563814586743177060e+01 1.595900368517421342e+01 1.561305199593557980e+01 1.533534609505132273e+01 1.535874511181626900e+01 1.581775471801431898e+01 1.560752732224933226e+01 1.575905382451957948e+01 1.586875369479714415e+01 1.504001049000436474e+01 1.513783730060807287e+01 1.531309876805012671e+01 1.580938953775819300e+01 1.580033974326576107e+01 1.590592481490962662e+01 1.573548515574977635e+01 1.538496378291618782e+01 1.546696896717896230e+01 1.551648449956560150e+01 1.529546509021764678e+01 1.563575083965659651e+01 1.597217854067167941e+01 1.517727487416425447e+01 1.536769944166351110e+01 1.589944158957489151e+01 1.569665637347536524e+01 1.577527603553376245e+01 1.575815860209202413e+01 1.557453786502428095e+01 1.581313543081640383e+01 1.503057924557261060e+01 1.533193363289497313e+01 1.533435697381867513e+01 1.511385777258545993e+01
1.584683162818022950e+01 1.509468548886058770e+01 1.562494350958528599e+01 1.539370017579821415e+01 1.568051877436176156e+01 1.572651148254962017e+01 1.530359811380844448e+01 1.590923774625948184e+01 1.544149888665688231e+01 1.544900252311361299e+01 1.587150007388242656e+01 1.572037912005248472e+01 1.532487853161545566e+01 1.593704540247408019e+01 1.586534396567095762e+01 1.528279755988027055e+01 1.554571369216732535e+01 1.599818912215475031e+01 1.548685211137923368e+01 1.533019465677353743e+01 1.511142895053979984e+01 1.573920989388239988e+01 1.569900020377185257e+01 1.575213216683779649e+01 1.543768134416425220e+01 1.519536071454294124e+01 1.564919358788965376e+01 1.500430554268629280e+01 1.529202775806091275e+01 1.573936238936121335e+01 1.565992352951780653e+01 1.562460476784058550e+01 1.560349629734830579e+01 1.525745325362610494e+01 1.517912818060474045e+01 1.580827537153901829e+01 1.506241598129658499e+01
1.598776137932148522e+01 1.517973576113690193e+01 1.573438516893990169e+01 1.573151305333878192e+01 1.575413389240520345e+01 1.505020184943993478e+01 1.596004549808663775e+01 1.528748995330811944e+01 1.541000415958166059e+01 1.533884774325812117e+01 1.516410455751758946e+01 1.594840307285862835e+01 1.559980588350810926e+01 1.527407674428387452e+01 1.588566437937724274e+01 1.578707088735628972e+01 1.519140423146753527e+01 1.551711560196880590e+01 1.584919237866443176e+01 1.565128242475112330e+01 1.538169600225653788e+01 1.537452309316049259e+01 1.519876363313297674e+01 1.555197149480139629e+01 1.575488444576385838e+01 1.571241988612126050e+01 1.545727914133014202e+01 1.546310366058857610e+01 1.591016910232600345e+01 1.506520909210269643e+01 1.568116702810836394e+01 1.509320742845382313e+01 1.522675814739356959e+01 1.558479405393929440e+01 1.549933398324999523e+01 1.518732428772205267e+01 1.518474403500589709e+01
1.500157608197314829e+01 1.578996038728518059e+01 1.577983124300088846e+01 1.570028269638485696e+01 1.537599557559778418e+01 1.515994291239190161e+01 1.532475871051403082e+01 1.511811659579179867e+01 1.523636827405445082e+01 1.561177754109720972e+01 1.509797396239170020e+01 1.577307177154655449e+01 1.595143220426741948e+01 1.552220115805900846e+01 1.561917669689715815e+01 1.579629495444538279e+01 1.589616500337951877e+01 1.539372899136148831e+01 1.562086150079487190e+01 1.517628541118104302e+01 1.556262780140155755e+01 1.583027804721778509e+01 1.568406706938593942e+01 1.556865445452177887e+01 1.529454388167292045e+01 1.587634097903544017e+01 1.531468820975826262e+01 1.545893765998261848e+01 1.551584453068773506e+01 1.576662255444729688e+01 1.539991777950557861e+01 1.550998085823029093e+01 1.569538446360294870e+01 1.586772212370940061e+01 1.554866212066184694e+01 1.576905390825784004e+01 1.590280766939096146e+01
1.597392940236768055e+01 1.570001664002101727e+01 1.516493226592436727e+01 1.565000204128728001e+01 1.532365437583138323e+01 1.548328755367520060e+01 1.525065425445534295e+01 1.584096976201161056e+01 1.576006515135668629e+01 1.530106267786410079e+01 1.574512349293339497e+01 1.530070579194216229e+01 1.577780077534116110e+01 1.542301399124643169e+01 1.598895173016673255e+01 1.597606053900876510e+01 1.531994948314457794e+01 1.569169947237935681e+01 1.529401821676237816e+01 1.565429373445150141e+01 1.509531731466083215e+01 1.564285650699438257e+01 1.515442942655601044e+01 1.584063879444775580e+01 1.519068676472291735e+01 1.581821387740945717e+01 1.577428887185040018e+01 1.513691617587261184e+01 1.501512892791829223e+01 1.512215084141472943e+01 1.526487086246604541e+01 1.562525788296233564e+01 1.573459045608845486e+01 1.561442487441264504e+01 1.544221180616444045e+01 1.576446254041287887e+01 1.518332234342792297e+01
1.522615950066296797e+01 1.545540074927974672e+01 1.528741609795353362e+01 1.508047562498821215e+01 1.534130601140655692e+01 1.569546236358859659e+01 1.537209917966308481e+01 1.535113782602435606e+01 1.581740491287217942e+01 1.511262053641847380e+01 1.573579281749552905e+01 1.534247816122379326e+01 1.520181165151613811e+01 1.526330519238621264e+01 1.515024873750332901e+01 1.500176913965105641e+01 1.565270004494915668e+01 1.500593183475498194e+01 1.561463137095218912e+01 1.564522886677351821e+01 1.533310370372831244e+01 1.582171125213716856e+01 1.585034758893502627e+01 1.567914854032332173e+01 1.556520019993430459e+01 1.546402514918255022e+01 1.573496787827549781e+01 1.553294287115530992e+01 1.589808741188662289e+01 1.504765503151127426e+01 1.581594806070639336e+01 1.508615359580267423e+01 1.574639860103890854e+01 1.539287616187012908e+01 1.594600571755294283e+01 1.574354251968066976e+01 1.567064665973237858e+01
1.549973255431778085e+01 1.566284386537843787e+01 1.563448085958682832e+01 1.515579474010538341e+01 1.584053001742910993e+01 1.551051913085574796e+01 1.505464917021965121e+01 1.511255463023866774e+01 1.543988452004336587e+01 1.530700959244701664e+01 1.569270123396253069e+01 1.594869718273813142e+01 1.568538852184363819e+01 1.526705926766081411e+01 1.532636787906842102e+01 1.511116790712089220e+01 1.540507325446711384e+01 1.597188781486677556e+01 1.515548010823188463e+01 1.529829359305522729e+01 1.517245097540089915e+01 1.532096150711261195e+01 1.504386986523619818e+01 1.541908826035907154e+01 1.541927144333519806e+01 1.596798862055120516e+01 1.539974824181721580e+01 1.594990896223721677e+01 1.564344325027338556e+01 1.542686936905456285e+01 1.535634476863102904e+01 1.591497071977930133e+01 1.562833300873376530e+01 1.548801948792120164e+01 1.590054753081479788e+01 1.533985741116434554e+01 1.503140233774905177e+01
1.563060848904717659e+01 1.536414509890626867e+01 1.591299708944257496e+01 1.507890132406636674e+01 1.516562963776225281e+01 1.520525870407721314e+01 1.566040210537819100e+01 1.507372132954322552e+01 1.592431976209672406e+01 1.551495411931736790e+01 1.553417002672691538e+01 1.510726773248591392e+01 1.502530810122417648e+01 1.577960155020638844e+01 1.570018845595077472e+01 1.544381530284202597e+01 1.582993785723754243e+01 1.599414684035626877e+01 1.509413807549985442e+01 1.535830779887586317e+01 1.533422836662237465e+01 1.514042225334140213e+01 1.574520960306024442e+01 1.509550121410463497e+01 1.514355150420688823e+01 1.561059832659467972e+01 1.579149946274419136e+01 1.592715110987002447e+01 1.508215619372651162e+01 1.534727074303612859e+01 1.565034213893634174e+01 1.510871083369968382e+01 1.513536410537613541e+01 1.561467969160242220e+01 1.589285683253963555e+01 1.598907085433918596e+01 1.512157158999312401e+01
1.551140981889603232e+01 1.529611082014014123e+01 1.571670397971827171e+01 1.523709394954508234e+01 1.535868456811275706e+01 1.584419521521724583e+01 1.520060891213088006e+01 1.592113666484891787e+01 1.505757973944089123e+01 1.516682269273451844e+01 1.518650027304245853e+01 1.585353916279169795e+01 1.598833565890021546e+01 1.546292772904967094e+01 1.544339042080555480e+01 1.532211655128147676e+01 1.542794804284590171e+01 1.529116912317461896e+01 1.576901988482732797e+01 1.568031147837350403e+01 1.572111837687789127e+01 1.596467174335978356e+01 1.514382202766435448e+01 1.512041825228645386e+01 1.597508605811032112e+01 1.587309490043259252e+01 1.596967595892889769e+01 1.549906274222419178e+01 1.500212594154749901e+01 1.510687734526313264e+01 1.570637778727848222e+01 1.531781771412922488e+01 1.568058800976518974e+01 1.511097214689265122e+01 1.586304544965014607e+01 1.543335714544248738e+01 1.503449839760653894e+01
1.533894949516051298e+01 1.546930271697613080e+01 1.541067925162968066e+01 1.527467660124903048e+01 1.576508810903055746e+01 1.571520392748485406e+01 1.512333739916590147e+01 1.544740872921433628e+01 1.544968691630747415e+01 1.531722747787813965e+01 1.537279461165972450e+01 1.521085134386027882e+01 1.557305127640850984e+01 1.538243002591620190e+01 1.511469957893603322e+01 1.561546716941795232e+01 1.563031497782642631e+01 1.569225572910778688e+01 1.595892783643392754e+01 1.555807060479467552e+01 1.565406443459494312e+01 1.501627013354449858e+01 1.539873515036127039e+01 1.542210460611363487e+01 1.520650050134151954e+01 1.540223760459564240e+01 1.550731348167663093e+01 1.565654083444065670e+01 1.533938759954613928e+01 1.592310268671517548e+01 1.521378924304774216e+01 1.520143129841777174e+01 1.520202165955252305e+01 1.515998612665114287e+01 1.523057256990095532e+01 1.587241125546561094e+01 1.577834223810438630e+01
1.545372201174890492e+01 1.590685938887757445e+01 1.542318183936292897e+01 1.526792887788884912e+01 1.542683937779619541e+01 1.588430594569039123e+01 1.518609245614203296e+01 1.551330192816053177e+01 1.572389964454366940e+01 1.556524488726130073e+01 1.596371154147867699e+01 1.543567713329074209e+01 1.503164469549728643e+01 1.549118170770871217e+01 1.507779019652393337e+01 1.545711801898055526e+01 1.549596425286335055e+01 1.586040936956894676e+01 1.519193185363104703e+01 1.587642371361085303e+01 1.514880100593691203e+01 1.557285127978610362e+01 1.554323148029126678e+01 1.506270321709780013e+01 1.590546941456076446e+01 1.513585155812446814e+01 1.581505679548158483e+01 1.513791261862805371e+01 1.536736349284266012e+01 1.515390566200079725e+01 1.529169350609029188e+01 1.517380965093203393e+01 1.555012001144589995e+01 1.578560654684753040e+01 1.529644495030782991e+01 1.516729325000063078e+01 1.519182865982867803e+01
1.599683231883149759e+01 1.526520103568617515e+01 1.531969658188839212e+01 1.546111636560501168e+01 1.514364418846154869e+01 1.503297355524840206e+01 1.512039449280404213e+01 1.569121907902842672e+01 1.591121322430246288e+01 1.536866956458803735e+01 1.548749846876448899e+01 1.574570954668367051e+01 1.571641458325796670e+01 1.576526865840417280e+01 1.583443085430173269e+01 1.531558806374121140e+01 1.566315093966834837e+01 1.548078964272693270e+01 1.555583043141576560e+01 1.507375890094896675e+01 1.536704572126575208e+01 1.501124648228386782e+01 1.529337344661246512e+01 1.516398769520867162e+01 1.569908708875243519e+01 1.515526722354436728e+01 1.517773578993289973e+01 1.579383643089609635e+01 1.595186760786013025e+01 1.580386507101621874e+01 1.551715967489171888e+01 1.540520838117314284e+01 1.540434134262721244e+01 1.571164595260645314e+01 1.502940559514650154e+01 1.592352869710791197e+01 1.534562005404116469e+01
1.561387611247543283e+01 1.577436407682037078e+01 1.539555818705783885e+01 1.589643496386536015e+01 1.508538515943309122e+01 1.577129716037338270e+01 1.532602256017080400e+01 1.585169005204752146e+01 1.575643911133860087e+01 1.570172482401533465e+01 1.550009531801157436e+01 1.590511061290454542e+01 1.526661624227629055e+01 1.540887848559965789e+01 1.522254222064409035e+01 1.524903109933502421e+01 1.535445329204155129e+01 1.505189304304529685e+01 1.534725629200047514e+01 1.557859157270297956e+01 1.548620251366870804e+01 1.516908352869086940e+01 1.541111788991508114e+01 1.573116865625905803e+01 1.516198661471234388e+01 1.536359856987556682e+01 1.532905552113991732e+01 1.576541748404380350e+01 1.581959721791561790e+01 1.537280366353458305e+01 1.566372780634953443e+01 1.554959603563294479e+01 1.567104076652401012e+01 1.507563887299103911e+01 1.591806443041824792e+01 1.560839187811825468e+01 1.587900869645440238e+01
1.550868240775064244e+01 1.502700788254184872e+01 1.578624392528000442e+01 1.526343672701931808e+01 1.559317705832437007e+01 1.592218697182739362e+01 1.528867466535721498e+01 1.506225684258810915e+01 1.564138876161713476e+01 1.574275802914781863e+01 1.577254047555167737e+01 1.569905392765017993e+01 1.545080422602628367e+01 1.568146112868060804e+01 1.516921526249103280e+01 1.501087236759386734e+01 1.568407962007327328e+01 1.594366173510520746e+01 1.502184121347977452e+01 1.538449902125978141e+01 1.526465645591550668e+01 1.594579922043281073e+01 1.573684567581172722e+01 1.542012550896130385e+01 1.553110682218886751e+01 1.586164414733901395e+01 1.595466504627582260e+01 1.572611771691982341e+01 1.500550889295116086e+01 1.590213201518384345e+01 1.583592719527050363e+01 1.560058162305831431e+01 1.587536247112933374e+01 1.551816540433934222e+01 1.510303742177651820e+01 1.514249269142722376e+01 1.510967362912077583e+01
