Seed10m1km.txt
nrows 100
cellsize 10.0
xllcorner 0.0
ncols 100
yllcorner 0.0
[rows 17 to 33 of 100, columns 37 to 73 of 100]
1.569955587529240404e+01 1.547280089087584543e+01 1.578979979692307012e+01 1.516713574615496185e+01 1.513574262846396756e+01 1.580051645370665447e+01 1.579756460966771137e+01 1.556997924773583719e+01 1.505812545040677897e+01 1.589708920559233540e+01 1.579209218632757228e+01 1.511111334963502806e+01 1.511459170679618147e+01 1.539750037841514008e+01 1.534740582951434007e+01 1.508855558769031191e+01 1.519584542318047227e+01 1.567399423503246325e+01 1.504648133578394287e+01 1.517938430716986709e+01 1.580792157641857898e+01 1.505504763904015064e+01 1.577624889029854494e+01 1.514842899541368126e+01 1.537771454452205333e+01 1.566052337617211165e+01 1.515160794148428991e+01 1.563999769655102234e+01 1.596988818620539519e+01 1.583494071314771823e+01 1.536159577847144320e+01 1.558204858718212726e+01 1.563552009696576484e+01 1.569081714519469806e+01 1.509790879874891978e+01 1.512739906843054349e+01 1.505485486450572097e+01
1.551176552689003607e+01 1.568207665180975141e+01 1.543384751184484038e+01 1.546114133491256837e+01 1.582933705131527269e+01 1.532080377134074922e+01 1.537783019174401566e+01 1.505053637822563317e+01 1.555515623187279139e+01 1.528755198553078820e+01 1.586176159935443941e+01 1.569458945002472205e+01 1.545299292752359399e+01 1.561894764319667317e+01 1.594225736019116901e+01 1.530075347718348766e+01 1.597913374915935769e+01 1.502197849423982845e+01 1.573418184614603454e+01 1.521800492062844512e+01 1.590019104085902590e+01 1.561708617267000676e+01 1.523938714851305853e+01 1.549115403341140507e+01 1.596517949227184374e+01 1.595475866364737172e+01 1.532328752861800325e+01 1.569618725641756640e+01 1.584541489268415226e+01 1.525958374029234577e+01 1.587011537280318940e+01 1.580191457069528305e+01 1.529968643079139845e+01 1.518424962412982637e+01 1.585035393351691901e+01 1.564914251265851064e+01 1.576361410038089161e+01
1.539566556796756025e+01 1.572281842698805043e+01 1.544428857362028573e+01 1.575864463530960968e+01 1.552783465962831144e+01 1.561342121677508388e+01 1.556850428746460224e+01 1.567458927823161297e+01 1.503602363721238611e+01 1.586877489848040668e+01 1.590650731724314504e+01 1.560244559987324742e+01 1.512801853654305972e+01 1.525801182530913458e+01 1.568095425071027016e+01 1.599540041615927066e+01 1.578912192963401928e+01 1.529623901246974960e+01 1.502193402426767044e+01 1.567536579914409245e+01 1.536125293602797548e+01 1.556226282372060155e+01 1.542564893661690029e+01 1.546386706621573737e+01 1.515534962064544722e+01 1.532840771344106656e+01 1.582079522707679331e+01 1.594333479053240055e+01 1.588597630270730399e+01 1.509015855055424993e+01 1.551370939228474377e+01 1.573513054890943685e+01 1.551186157427104106e+01 1.593780967413150407e+01 1.536569839543703253e+01 1.543366440276804674e+01 1.510039817534919493e+01
1.577597464710719244e+01 1.579379811647926424e+01 1.584739353597857026e+01 1.599699557816349405e+01 1.528057691944894181e+01 1.584570321141757532e+01 1.541365728465511786e+01 1.526415471419164582e+01 1.587142271925165460e+01 1.516127622635579186e+01 1.543357427145815386e+01 1.581315685644266900e+01 1.597781460478326032e+01 1.522112798310772597e+01 1.593901674945094804e+01 1.508644899438241183e+01 1.567545236232687778e+01 1.522190418244388432e+01 1.570455401674744245e+01 1.523281268131680832e+01 1.504279727034306013e+01 1.515281125077054725e+01 1.513204883584185723e+01 1.564693622224936931e+01 1.596798429644031003e+01 1.547043608911275925e+01 1.550563173746125756e+01 1.529185392443410940e+01 1.542669163094865858e+01 1.557708179880345689e+01 1.509591982322339021e+01 1.550156780745653151e+01 1.551407486173648032e+01 1.554693666551687414e+01 1.577928897316586365e+01 1.581221965920919637e+01 1.567765119524833395e+01
1.531549487616771366e+01 1.579960922406008272e+01 1.546360400740101504e+01 1.582496663825226513e+01 1.569502902501121611e+01 1.584754337560727677e+01 1.591922952740879715e+01 1.514162797790928039e+01 1.537088409518788445e+01 1.559987148145440905e+01 1.559735883860744110e+01 1.506209067047573846e+01 1.544182725451670990e+01 1.502106604300184145e+01 1.540640682989580235e+01 1.517297626768769625e+01 1.533540648656757277e+01 1.556606225074799355e+01 1.513739890571755531e+01 1.582217377594358965e+01 1.546844432163255156e+01 1.559665628644420821e+01 1.578968369836520758e+01 1.558922667443159860e+01 1.518239701174877432e+01 1.582608913339993606e+01 1.506724680212515821e+01 1.588687203608270515e+01 1.593001058268382586e+01 1.532576473197124756e+01 1.583503381838523438e+01 1.557607467302348425e+01 1.540153117852669773e+01 1.518231936167129170e+01 1.547402023140100624e+01 1.589898241716980820e+01 1.564484753789649751e+01
1.542887528446805767e+01 1.592014829653963659e+01 1.514978871709250541e+01 1.584535787552078823e+01 1.545068334690729550e+01 1.588817533606435539e+01 1.589856204544714657e+01 1.599458018617233535e+01 1.523647062936803565e+01 1.588209825356677385e+01 1.521289461362785467e+01 1.511614720151721336e+01 1.537359902854312210e+01 1.541862915427526382e+01 1.523751947545717655e+01 1.515798213787985382e+01 1.533531125327852607e+01 1.594869531216564340e+01 1.547031683258350832e+01 1.589907485946413068e+01 1.528484312915621501e+01 1.581826467717618812e+01 1.505510328136235110e+01 1.581069713840601132e+01 1.546514473537165735e+01 1.527049744998142522e+01 1.586051979840792647e+01 1.572931380360515163e+01 1.571520551488862161e+01 1.557029373378011350e+01 1.537326822754110545e+01 1.575579113175271573e+01 1.504234276814774951e+01 1.560843698851443584e+01 1.563936229082514551e+01 1.563313453509365303e+01 1.578117569251599406e+01
1.576732914134937147e+01 1.557402788736887089e+01 1.534424005947079728e+01 1.576345339035354165e+01 1.565721781621460806e+01 1.586408491009672517e+01 1.575903034919404355e+01 1.539886300800438335e+01 1.579022933441954635e+01 1.553609027497956951e+01 1.515833237576146786e+01 1.501766080593141162e+01 1.598338317204514425e+01 1.507742462024261521e+01 1.588188850052747192e+01 1.512135251971959882e+01 1.591006361341256969e+01 1.543328075379324993e+01 1.589409781018590984e+01 1.593780149753795072e+01 1.583800055574716303e+01 1.560514291135451970e+01 1.587832091264013279e+01 1.555652696975082705e+01 1.559491117368916058e+01 1.503905723025127372e+01 1.570704042572986836e+01 1.564433484748926872e+01 1.563722571133798844e+01 1.531737163720914197e+01 1.531265017205505963e+01 1.552857763367508426e+01 1.532283450982550654e+01 1.535279604609504922e+01 1.561388595510441135e+01 1.501750548832644228e+01 1.534715762109329162e+01
1.539041888758261578e+01 1.533033420189744511e+01 1.505950485015694795e+01 1.547605821953519722e+01 1.549130296509497207e+01 1.566002082241113413e+01 1.578164543873153036e+01 1.503183845494523041e+01 1.525610927360187752e+01 1.524086334942847998e+01 1.561986008324308806e+01 1.539331534235825494e+01 1.532894618915014462e+01 1.582481059631522946e+01 1.522073726090308199e+01 1.565877251789910041e+01 1.522648291685312749e+01 1.518775230555602995e+01 1.515200494616383331e+01 1.537067777864646345e+01 1.564346200627025318e+01 1.574651154537377273e+01 1.586328609312026749e+01 1.548602553055241415e+01 1.544283536920175948e+01 1.563968816399670025e+01 1.502241469431310250e+01 1.582623719749325097e+01 1.575134503891347570e+01 1.551809691426726801e+01 1.531982214522866315e+01 1.582487872451798694e+01 1.599176731195790779e+01 1.580913546027267813e+01 1.599612873925654100e+01 1.595987631125761119e+01 1.552911760646223804e+01
1.510855728219916294e+01 1.541436265176546350e+01 1.544477794300323836e+01 1.545353461783601823e+01 1.595471192411843475e+01 1.579662356770803555e+01 1.599439609673713925e+01 1.542361404333725794e+01 1.576507211921940588e+01 1.561726393064240526e+01 1.516886181341659245e+01 1.531320467792698281e+01 1.597067137448564900e+01 1.526855265448404175e+01 1.526579950446457801e+01 1.593252142258725890e+01 1.597368849273799896e+01 1.554306741450181129e+01 1.581010560296169309e+01 1.507451331087034774e+01 1.582885031278430077e+01 1.510913213000590538e+01 1.518680576196218546e+01 1.523163665744833573e+01 1.541684601118607745e+01 1.561402347119237177e+01 1.511223825183216007e+01 1.590236209314429949e+01 1.562144584658852864e+01 1.538100265617593720e+01 1.591649265559802373e+01 1.590468184183829514e+01 1.522403677681943002e+01 1.535451030581556431e+01 1.569815362222314903e+01 1.552998833109753107e+01 1.570265116929487981e+01
1.506981688577808320e+01 1.537648427614137070e+01 1.582403142997197065e+01 1.555483130602475761e+01 1.539126374058215596e+01 1.567021792308765171e+01 1.509381441808928059e+01 1.509329379018299022e+01 1.593972318482124173e+01 1.527799086255979688e+01 1.537541188161799610e+01 1.519215010283892298e+01 1.562137216961414055e+01 1.522131192561368351e+01 1.587658515750151267e+01 1.596430539275302785e+01 1.536864695956552040e+01 1.545311338011824098e+01 1.566399250455961223e+01 1.557901803307562716e+01 1.570012225667064953e+01 1.515606095528965369e+01 1.514035731252764982e+01 1.594556651427951444e+01 1.521775261241839061e+01 1.508091929411205712e+01 1.568634378172472665e+01 1.577935679060043128e+01 1.563660441200419804e+01 1.583459632602782996e+01 1.587342151836560511e+01 1.546701433693007033e+01 1.576814841316935301e+01 1.549869364966766661e+01 1.571374196474529050e+01 1.535259125410943071e+01 1.597645290870602963e+01
1.574893053372751872e+01 1.532786184198130286e+01 1.509101525693288792e+01 1.513825644298463757e+01 1.532579979903035827e+01 1.521167047065469191e+01 1.598048471301930995e+01 1.516140067559158133e+01 1.544711458766414225e+01 1.584361075547079345e+01 1.523152887530461186e+01 1.537768620980408940e+01 1.563286166046397341e+01 1.567500359357643980e+01 1.512728138976090442e+01 1.542159757718897595e+01 1.591007388767131481e+01 1.535085393657115382e+01 1.540548793274026451e+01 1.564693783767580371e+01 1.543417064478516565e+01 1.543516324219635294e+01 1.577558806348006648e+01 1.523982738963567130e+01 1.521715788309695583e+01 1.557537514847858873e+01 1.586021592983903972e+01 1.502320309461450876e+01 1.556105305857282239e+01 1.599038844848728580e+01 1.527851205690569181e+01 1.503569436853219621e+01 1.525628027855561086e+01 1.576658351460089058e+01 1.529202077855275377e+01 1.593225807399165639e+01 1.531239816135852294e+01
1.541028986545097901e+01 1.563809542909741701e+01 1.555721670657825761e+01 1.527402502429959341e+01 1.568640648458782394e+01 1.500755752155781941e+01 1.592872696493634876e+01 1.591639559223653322e+01 1.500337093608182926e+01 1.528988804737431195e+01 1.522286252559116271e+01 1.545936662653542371e+01 1.561780058679996408e+01 1.557279257203977352e+01 1.598271760055370727e+01 1.577660070966061845e+01 1.577591651378757831e+01 1.597674694193171696e+01 1.513657762014793740e+01 1.599012326221668978e+01 1.515892045467929883e+01 1.513725848030798815e+01 1.525857901738673306e+01 1.509742152452184882e+01 1.564974612708822477e+01 1.564587939736104794e+01 1.566160454274943348e+01 1.518225189681973397e+01 1.574286324622144129e+01 1.558697251286384677e+01 1.559969710962561606e+01 1.513128111304131984e+01 1.539469412012184613e+01 1.559488587939113735e+01 1.588710818954994686e+01 1.532763581912456097e+01 1.543460388191115484e+01
1.522010824812560692e+01 1.542890993452062176e+01 1.517424792624013818e+01 1.500477991923835042e+01 1.512084369069775036e+01 1.558038270492943234e+01 1.510018538156096568e+01 1.548350843784568909e+01 1.589912490128320677e+01 1.519277927175158638e+01 1.512448206535786532e+01 1.541404534487917566e+01 1.575900535680556835e+01 1.522285339416275107e+01 1.517603593533596751e+01 1.575386206100793096e+01 1.571636537478218010e+01 1.558483636150859120e+01 1.523169940219171359e+01 1.511730024454982590e+01 1.512531133079955659e+01 1.502122087429461850e+01 1.523279893082413139e+01 1.572114310955826966e+01 1.582210219428702658e+01 1.515249968661990110e+01 1.501345181920317984e+01 1.565622988419184658e+01 1.575549881500499794e+01 1.523439823749933453e+01 1.590754061481248627e+01 1.572140500217310866e+01 1.503974531053013131e+01 1.530171164641316039e+01 1.515052736554966728e+01 1.595962180762295546e+01 1.551333613492587737e+01
1.599975009362647604e+01 1.501090388507608075e+01 1.523393124991891590e+01 1.543971379286888279e+01 1.568435475815840974e+01 1.593721426959928955e+01 1.592459542571926967e+01 1.536923303798969087e+01 1.501347018947679857e+01 1.598389112539921975e+01 1.535398092387748825e+01 1.548325860288905886e+01 1.581088506847193997e+01 1.574427901294970056e+01 1.543016960762848200e+01 1.509780083976590603e+01 1.503956708869799286e+01 1.517364907453435130e+01 1.595236624788386948e+01 1.538193016392176027e+01 1.586426724607987104e+01 1.554677198461367738e+01 1.566695384784779677e+01 1.584338532921236542e+01 1.552196232394972419e+01 1.526108872391335858e+01 1.524906879849651098e+01 1.568967615628198686e+01 1.559630218313965422e+01 1.583393518758691165e+01 1.555384740079157702e+01 1.519557279448242149e+01 1.593791176110597796e+01 1.547873864932031829e+01 1.566563560614021888e+01 1.509800046981579413e+01 1.538280457244482413e+01
1.519984605396764898e+01 1.575507676467197982e+01 1.558937250346781056e+01 1.542014566326381519e+01 1.577719659746056458e+01 1.528312602274720611e+01 1.555677465367737078e+01 1.559072362729778405e+01 1.593204474814449689e+01 1.517577482283742896e+01 1.586375441305951739e+01 1.524238663158827123e+01 1.548554360451463197e+01 1.597414766879873049e+01 1.517713421993470568e+01 1.501986611419540552e+01 1.522094068272935452e+01 1.562684805779641373e+01 1.503111187236140900e+01 1.569300531556595146e+01 1.598747830478330556e+01 1.577295804767634735e+01 1.547219448890282933e+01 1.500853480850862809e+01 1.550682404587602292e+01 1.589178131668583482e+01 1.597126865691459408e+01 1.511049134444868081e+01 1.562077351525514679e+01 1.530717709907121638e+01 1.500635156544983673e+01 1.524270066632409204e+01 1.581761836987664793e+01 1.532518317188698198e+01 1.570998343996648217e+01 1.578040327264243814e+01 1.525866391208633033e+01
1.523798091972744650e+01 1.535968055456735293e+01 1.597676285954215558e+01 1.508159333270619484e+01 1.524994168520798077e+01 1.536606695382450560e+01 1.548028665767509260e+01 1.510033536262948495e+01 1.587095198858838430e+01 1.579996627590188218e+01 1.535023850952565105e+01 1.598362587137073376e+01 1.525830802371849515e+01 1.509812377626519719e+01 1.518451982669375155e+01 1.555783917304658104e+01 1.593676433642752244e+01 1.583909999129047819e+01 1.577934275612227211e+01 1.562222933212038178e+01 1.515348683260386942e+01 1.509939110021756115e+01 1.531499155628065800e+01 1.538504674452920895e+01 1.520464613157983358e+01 1.500126040181341125e+01 1.595591605597920726e+01 1.528796956065913726e+01 1.599537234570277633e+01 1.521967833643983603e+01 1.561544090767602988e+01 1.564287810783222277e+01 1.543656556058450846e+01 1.551036190197588382e+01 1.541273634726014130e+01 1.583493613699730496e+01 1.502457482070010464e+01
1.509915875414892561e+01 1.544581159439213813e+01 1.597808963748127908e+01 1.526372931093310648e+01 1.513184914973396999e+01 1.561956805326360964e+01 1.590925395277841758e+01 1.540169440342353724e+01 1.502057082554088829e+01 1.537419281669635041e+01 1.557549262430046255e+01 1.500649960166071217e+01 1.546205063734717555e+01 1.588488335154515774e+01 1.544451623836871690e+01 1.528957359454025955e+01 1.569433590056013372e+01 1.533389148902681143e+01 1.540114223017922335e+01 1.537719241018715266e+01 1.561905639893290676e+01 1.569210198017592717e+01 1.562990258963536050e+01 1.557589280199009529e+01 1.571429410510358338e+01 1.513148539776486956e+01 1.516538954912903669e+01 1.546524468769070282e+01 1.556127517612996769e+01 1.592879373855767966e+01 1.578319242898276187e+01 1.522778999492946639e+01 1.583414135552204449e+01 1.599327668040139017e+01 1.520140661700040141e+01 1.516213217744371278e+01 1.581656947597994112e+01
