Seed10m1km.txt
nrows 100
cellsize 10.0
xllcorner 0.0
ncols 100
yllcorner 0.0
[rows 51 to 67 of 100, columns 0 to 36 of 100]
6.479001895865266203e-02 1.526850405508425546e+01 1.503789743126940159e+01 1.538885209962964495e+01 1.570110484063747158e+01 1.569721534243168826e+01 1.540869753282719579e+01 1.568583690942728381e+01 1.584164811885730195e+01 1.518716709135921406e+01 1.556082089182230632e+01 1.540714278928849801e+01 1.588014186143890605e+01 1.522486951779990783e+01 1.539484381640667188e+01 1.562797216079604468e+01 1.536853747717221097e+01 1.519366116628640384e+01 1.551733396783679808e+01 1.518402302541635152e+01 1.533669418671234297e+01 1.589367813483486813e+01 1.585232650238062568e+01 1.552676358645400967e+01 1.547840542451334045e+01 1.512058458353412860e+01 1.575812984611849821e+01 1.559332765220281125e+01 1.544702148453781909e+01 1.582926661621004172e+01 1.512440717585355010e+01 1.597429498125673319e+01 1.545847598319203442e+01 1.564188191113784754e+01 1.590427613874422264e+01 1.554544339437960865e+01 1.524098401602758202e+01
1.978273888233107458e-01 1.588466733645152118e+01 1.566725592367779996e+01 1.563235507985974415e+01 1.557481824152248429e+01 1.530892032409694181e+01 1.510130022388108451e+01 1.592039561993872177e+01 1.526992619754658165e+01 1.535367910783995349e+01 1.509159595687604138e+01 1.587724026323897597e+01 1.562060244336797510e+01 1.556512306755898400e+01 1.537560192229858558e+01 1.573851616912467932e+01 1.524853292693499185e+01 1.541362080991447847e+01 1.527570070951741599e+01 1.580786580834031696e+01 1.568549312570505450e+01 1.554077505318577757e+01 1.559479239817570750e+01 1.503231558455301098e+01 1.524195426598119774e+01 1.503378970055721986e+01 1.505528827069728770e+01 1.575886392493256949e+01 1.542975166149755140e+01 1.590315939048720573e+01 1.538920228445702243e+01 1.504643546165127788e+01 1.552224029612505873e+01 1.561477676460583730e+01 1.517239664203691163e+01 1.541762358147180301e+01 1.508321128674493927e+01
9.458745810525213127e-01 1.551543130477312893e+01 1.579076455087869313e+01 1.576812745201147514e+01 1.599146663644823718e+01 1.587651376901415112e+01 1.569303330737271907e+01 1.521622102222953465e+01 1.523003713037250151e+01 1.574807015065696270e+01 1.593955649757101334e+01 1.573742816073302286e+01 1.539256519198944062e+01 1.558594730698857589e+01 1.579133070936261518e+01 1.525094576003528957e+01 1.514547061433051134e+01 1.582564807162387410e+01 1.571462728391092156e+01 1.525913851817805522e+01 1.546518681137404982e+01 1.508798664747385132e+01 1.587292706498523032e+01 1.523451234822263878e+01 1.596270687870135063e+01 1.581726561346729909e+01 1.586277546510955005e+01 1.565056353292092517e+01 1.574565406771279541e+01 1.528514216495167410e+01 1.580459575635738467e+01 1.547367134514963105e+01 1.598285881978581280e+01 1.575202140825674135e+01 1.527577525925978286e+01 1.513216402047215148e+01 1.599252488398971828e+01
6.850638650383946704e-01 1.528320498976632003e+01 1.514210903834326771e+01 1.522528172299915994e+01 1.534287344655429131e+01 1.599155370436800538e+01 1.586538660279935797e+01 1.572763646750285993e+01 1.510267736477521261e+01 1.542208278679362543e+01 1.532481071904838110e+01 1.577110309897564377e+01 1.548054235630568876e+01 1.509780553850919027e+01 1.500582101791759015e+01 1.591880730240559494e+01 1.580350484797822475e+01 1.557858980746513922e+01 1.578079313171085474e+01 1.566797130573408126e+01 1.593089502642165201e+01 1.513842921659372998e+01 1.561909817723272020e+01 1.560244459958929042e+01 1.563903128898821571e+01 1.516852084886257579e+01 1.538560583908947876e+01 1.513195205928225207e+01 1.558114224287819916e+01 1.535693718382527884e+01 1.516474219988040950e+01 1.513271023565636320e+01 1.540485491925123718e+01 1.574650658566377004e+01 1.575652147507674705e+01 1.581989258157001288e+01 1.530906266846110775e+01
1.487627787802580093e-01 1.521271620565250693e+01 1.539753708563874746e+01 1.572674407028041976e+01 1.563071949946409944e+01 1.505320680816131329e+01 1.592944713500160780e+01 1.516202274694657248e+01 1.577858023437528168e+01 1.570546002615724746e+01 1.599060970493911427e+01 1.533880648883974374e+01 1.521842297618776563e+01 1.529094689264282536e+01 1.508691640400125422e+01 1.523995659602669583e+01 1.503518640513442328e+01 1.544370587027386144e+01 1.517647344617968663e+01 1.538925512713571564e+01 1.505526896360231959e+01 1.593081191332149338e+01 1.504315220384142293e+01 1.593027804045134666e+01 1.537325444079076675e+01 1.517144756690347940e+01 1.595340470055368343e+01 1.583740507483859794e+01 1.543166471725554878e+01 1.559742551795738308e+01 1.532513692989880028e+01 1.574671431126958510e+01 1.501297570695182770e+01 1.500504037205769059e+01 1.523349592227590499e+01 1.531863736710884183e+01 1.549734178514783522e+01
4.644053205772729065e-01 1.521044710811357703e+01 1.521774070894277209e+01 1.572416870020397539e+01 1.593551160013847579e+01 1.578112492218229335e+01 1.511890952764883345e+01 1.580453201130749541e+01 1.586854743324487416e+01 1.518661626599493708e+01 1.545241362797814233e+01 1.550875662478571826e+01 1.585710981960915511e+01 1.578444088111924515e+01 1.548935139720154908e+01 1.539520745794565215e+01 1.505585675162437376e+01 1.565617914297233959e+01 1.531608664895871819e+01 1.545475853780041575e+01 1.553396758965114621e+01 1.596676472194465113e+01 1.507550042209192220e+01 1.535079823064002724e+01 1.560204309708993797e+01 1.545079099435383263e+01 1.582322872945194625e+01 1.545323869973516118e+01 1.556265234956785903e+01 1.511109475380274603e+01 1.564570041943008682e+01 1.520212779587436103e+01 1.510274768992763939e+01 1.508930844458806497e+01 1.516159463201955937e+01 1.527252051070811945e+01 1.571198873732781287e+01
9.312296632032091015e-02 1.585263710360283973e+01 1.537207863211184922e+01 1.501485776214828149e+01 1.503348512814411997e+01 1.509562317474341420e+01 1.517496441689456255e+01 1.586842764981046727e+01 1.514203869297672789e+01 1.574740360163547592e+01 1.544758293344924205e+01 1.510090891866414964e+01 1.500777459850201367e+01 1.522532784349872337e+01 1.551045881595422671e+01 1.599737497076175963e+01 1.500974041408891857e+01 1.591661725045133657e+01 1.544016148661536647e+01 1.531883189090540576e+01 1.525988640487580739e+01 1.588969792651585244e+01 1.525012642171355282e+01 1.500895192661258193e+01 1.562568839581222058e+01 1.544146661421270572e+01 1.570239932165423191e+01 1.569248852767219660e+01 1.571635655835651235e+01 1.518948588318410842e+01 1.565216002213274749e+01 1.592853215766913344e+01 1.585297318184992399e+01 1.513850770960199732e+01 1.545126038707516081e+01 1.554269956779404893e+01 1.507561953371314800e+01
9.535861285941180654e-01 1.595653135256239530e+01 1.517987944499102859e+01 1.535095707875472293e+01 1.564880270660467865e+01 1.536722695522748872e+01 1.596339540838437543e+01 1.524854217736750073e+01 1.569438026378153950e+01 1.547268323560458470e+01 1.584923799308330494e+01 1.584121692413981819e+01 1.535537364773061952e+01 1.574728664845182280e+01 1.590274636915317075e+01 1.566038920117846445e+01 1.579737824886664299e+01 1.569733992738100348e+01 1.593330141447542836e+01 1.591829086304666419e+01 1.576884573920455956e+01 1.540439657135842921e+01 1.533284213721789691e+01 1.508030525023873381e+01 1.502878774948085550e+01 1.562872147153988145e+01 1.593047571633036874e+01 1.530624779345784958e+01 1.522031306002862472e+01 1.576629350884676839e+01 1.505442633653368922e+01 1.513388746898544390e+01 1.519749988987383915e+01 1.502234668496643444e+01 1.527978924303312880e+01 1.509325285982782638e+01 1.501238459886069343e+01
7.579541411303327703e-01 1.577667365707281100e+01 1.507157337980905432e+01 1.546594913560690188e+01 1.516677261550784728e+01 1.527898280802552122e+01 1.560790778669317014e+01 1.572325668491002126e+01 1.582615006305764638e+01 1.528287992295254760e+01 1.560102076025992801e+01 1.546261374574994285e+01 1.583244306503926957e+01 1.522664349887517155e+01 1.572222169743182540e+01 1.506132288127065877e+01 1.597761633331818842e+01 1.546835631302095138e+01 1.539071902531616942e+01 1.598882205948304858e+01 1.561950039864763085e+01 1.525486569311152962e+01 1.587525825832192439e+01 1.517083365620736046e+01 1.503613511787469470e+01 1.580327669890612796e+01 1.545370608522311073e+01 1.525306010248099398e+01 1.559124087351774790e+01 1.570252705347687261e+01 1.559075361947758331e+01 1.558654895923086947e+01 1.565200919889166364e+01 1.519959532155176340e+01 1.547985319532439519e+01 1.567866773333890684e+01 1.500457337824953363e+01
3.377209446387275937e-01 1.549911646123161191e+01 1.542059477493480024e+01 1.542857653041405719e+01 1.562056378380183119e+01 1.594014099870761214e+01 1.558842071815491082e+01 1.501278077672250255e+01 1.513211367206027091e+01 1.512908696608158365e+01 1.527444309430397595e+01 1.552555724110053603e+01 1.561603631316906160e+01 1.515005260606205972e+01 1.562279420882472536e+01 1.542182839246450676e+01 1.506449971223414330e+01 1.596759545229281230e+01 1.517114289740356980e+01 1.555421905290208429e+01 1.554596536337841428e+01 1.594403333236876819e+01 1.592879878181758002e+01 1.574099789916889591e+01 1.544873628163727197e+01 1.511011014420010135e+01 1.523363041431278653e+01 1.598476991272034198e+01 1.508054816284721156e+01 1.526112761972518150e+01 1.554563917884063429e+01 1.560949321082399344e+01 1.571331489422050964e+01 1.525310496326172860e+01 1.501486030865699739e+01 1.555554218399646871e+01 1.578127912030479685e+01
7.087207774014160355e-01 1.589214064883981514e+01 1.531055870869392876e+01 1.559147824859444498e+01 1.544352161657464428e+01 1.501460844934214478e+01 1.571934943973565701e+01 1.565962913044696592e+01 1.570052831934868820e+01 1.546311559727514151e+01 1.548574468945411908e+01 1.512971731637052741e+01 1.550068768030371658e+01 1.537005284429538499e+01 1.535705790056362119e+01 1.575442006148729313e+01 1.562563751865173955e+01 1.594553367120635734e+01 1.587454392205238207e+01 1.579985640046277950e+01 1.549220805824408664e+01 1.555526380095138173e+01 1.581930487287467457e+01 1.561670755278572997e+01 1.525170392933272190e+01 1.541677769552252464e+01 1.584185230868575189e+01 1.548122588648083386e+01 1.539083531475219502e+01 1.521152190135873283e+01 1.591951596622591936e+01 1.546551454615070753e+01 1.598207398252568012e+01 1.527373250313983810e+01 1.500616470784239276e+01 1.585930367013832587e+01 1.589801251429780216e+01
6.790730876244626124e-01 1.594239767347648851e+01 1.527909514569261518e+01 1.553727809279518901e+01 1.573632097907512417e+01 1.592412328673512967e+01 1.589910638007278010e+01 1.583913803104102236e+01 1.557868918088784227e+01 1.581845994564983293e+01 1.541360782773293536e+01 1.524865474131349430e+01 1.500832491421074799e+01 1.543611631571227782e+01 1.565913581665609655e+01 1.526029756505062629e+01 1.572989095405373305e+01 1.535025357202973950e+01 1.517147920620954338e+01 1.524070391786264977e+01 1.588103747835567781e+01 1.556957052424345100e+01 1.541433272065237503e+01 1.519348396374490662e+01 1.553423324055897581e+01 1.525639177148057435e+01 1.530350724960042008e+01 1.506809212810418153e+01 1.505260602911039491e+01 1.519212962626533248e+01 1.540362688525957147e+01 1.514084201331357526e+01 1.536835984301800018e+01 1.570142841977846970e+01 1.585675853247128408e+01 1.523731138526303219e+01 1.525454378734228023e+01
2.272315142354985884e-01 1.548251061333105838e+01 1.526155502468942160e+01 1.564278538256207085e+01 1.562394626053638547e+01 1.591480299503873219e+01 1.547537941291250618e+01 1.544805191173684022e+01 1.550623859968373175e+01 1.505178540035545787e+01 1.568008500013133499e+01 1.597096186464584910e+01 1.555905497230180146e+01 1.551049830403216667e+01 1.511595333424979337e+01 1.506381057537502244e+01 1.518459996667910161e+01 1.544093791919465097e+01 1.542114705798280738e+01 1.508879464611238852e+01 1.541047770499212000e+01 1.553218667029161715e+01 1.524651318163801861e+01 1.593965509902802324e+01 1.531372873128876044e+01 1.523037969405051406e+01 1.553872439801842553e+01 1.584807279250271606e+01 1.575894877331242938e+01 1.564040511508649622e+01 1.536878632997394156e+01 1.550642217766900188e+01 1.544326866581860891e+01 1.562246598187223157e+01 1.523117674300055846e+01 1.551427402566661762e+01 1.512436239926148041e+01
6.323474383802138998e-01 1.559337913604986703e+01 1.593911500048584173e+01 1.561923800385829431e+01 1.561777523975317195e+01 1.576421477787953407e+01 1.546674975632054405e+01 1.540418108282346132e+01 1.551622441611929659e+01 1.586002547094851955e+01 1.545175628160453840e+01 1.580493228833683617e+01 1.585623654051340559e+01 1.553432778653514035e+01 1.529085853596140865e+01 1.599747556253206504e+01 1.500098737829642381e+01 1.512095150078498484e+01 1.579657072627855641e+01 1.557725657649687889e+01 1.581422245634690960e+01 1.542778184933847463e+01 1.590463377302871884e+01 1.519904185536257835e+01 1.511082640419244072e+01 1.578839225939351820e+01 1.551554325839142479e+01 1.541076881261014542e+01 1.593592495972458600e+01 1.551596538854789564e+01 1.518930200163889843e+01 1.588553543514952082e+01 1.559319030068859568e+01 1.557542308462680758e+01 1.578428837790615447e+01 1.511087654910891587e+01 1.588220316069011950e+01
1.968320913696364194e-03 1.581897645143850184e+01 1.577510382357919383e+01 1.525472515365451365e+01 1.531508227167754654e+01 1.514630247155086273e+01 1.527836398446708088e+01 1.596163436502401467e+01 1.562409080770519054e+01 1.567990808469812158e+01 1.510853705955488024e+01 1.553570392337621442e+01 1.564966958852085632e+01 1.534441318100982343e+01 1.592685091051239610e+01 1.554446831934247797e+01 1.578530711190358993e+01 1.567012726637529774e+01 1.579174475354608909e+01 1.536829520328414134e+01 1.544634005612264360e+01 1.547842202233460540e+01 1.597172413071070096e+01 1.568795677772600605e+01 1.598801214332057441e+01 1.512811568872087520e+01 1.521932229938044046e+01 1.514155699498201635e+01 1.548376936207788823e+01 1.513162845869764261e+01 1.597972018873320721e+01 1.525279109869682337e+01 1.559413313170991167e+01 1.534314442649322885e+01 1.591623424839265688e+01 1.519755411139893120e+01 1.548198639316410841e+01
2.464295076360042414e-01 1.559282459140829502e+01 1.587135248453761704e+01 1.575160477165772654e+01 1.553840771937854726e+01 1.514290496620475679e+01 1.505674979042052364e+01 1.575237121956050323e+01 1.574995228653646251e+01 1.540413373786336315e+01 1.576636113045938004e+01 1.566451222689959089e+01 1.508114146679984380e+01 1.548931570256691259e+01 1.577633671662998260e+01 1.538440603732946244e+01 1.558427182242897580e+01 1.591968681667662722e+01 1.525008846572312038e+01 1.598954773833084175e+01 1.533305258908317015e+01 1.543274249298108280e+01 1.577287687811492489e+01 1.552344979457434704e+01 1.599849983372698858e+01 1.518005961042757512e+01 1.501742923380828465e+01 1.546410146688367249e+01 1.569060934942431551e+01 1.555180570838143872e+01 1.537723220040775374e+01 1.518491532609181149e+01 1.525171335409794438e+01 1.561959036360586239e+01 1.557154486983078989e+01 1.511939889969545270e+01 1.589369239325045235e+01
9.905623421467124601e-02 1.552431833680009632e+01 1.592619616561452212e+01 1.552021016249079821e+01 1.569733399327841994e+01 1.521466203304620457e+01 1.518031928670514397e+01 1.542445302194255063e+01 1.506023844542227330e+01 1.598568714221689824e+01 1.567019095432480569e+01 1.535863477589644432e+01 1.514885120739764446e+01 1.517504055067166036e+01 1.579571627630083874e+01 1.576924656773766564e+01 1.505533359788074321e+01 1.510126308712326093e+01 1.551118034656499134e+01 1.566894289219703751e+01 1.519028089166191364e+01 1.545455691091197714e+01 1.594458760731940572e+01 1.576236086986699014e+01 1.506072235334046283e+01 1.531487382613863346e+01 1.597623581421900418e+01 1.512928936365166521e+01 1.532449071718181521e+01 1.593077376407827828e+01 1.561082615979033328e+01 1.597042668477964433e+01 1.535899036631711390e+01 1.599952677299100401e+01 1.516896863773534676e+01 1.589074052578476071e+01 1.502745019220454026e+01
