Seed10m1km.txt
nrows 100
cellsize 10.0
xllcorner 0.0
ncols 100
yllcorner 0.0
[rows 17 to 33 of 100, columns 0 to 36 of 100]
9.096676944293332623e-01 1.504635800278680691e+01 1.543635015356677975e+01 1.514644065767359926e+01 1.597542880670630794e+01 1.521212881975870701e+01 1.542153256841218756e+01 1.551883558960591181e+01 1.506160124507743348e+01 1.591147589737016688e+01 1.591317932420857595e+01 1.535560313172552505e+01 1.514651761296162036e+01 1.524736897929815704e+01 1.514106888561184405e+01 1.530986450952484290e+01 1.579329918840386426e+01 1.542575861373502910e+01 1.566910169614188497e+01 1.548811826709487249e+01 1.532618565843178970e+01 1.529110246804190432e+01 1.571583337490173804e+01 1.501852797614551882e+01 1.520932125419203729e+01 1.553033034387109979e+01 1.555497681101297580e+01 1.565745629198991651e+01 1.593410766238730325e+01 1.551096533381729259e+01 1.561807502535543080e+01 1.523103788850540141e+01 1.591727769612147370e+01 1.529439546805566152e+01 1.522179046879204911e+01 1.551933615865615756e+01 1.588473944704962193e+01
7.265552429155421876e-01 1.563309878495127947e+01 1.530568975713120317e+01 1.536104099647860188e+01 1.508976454335479289e+01 1.515008419596713374e+01 1.594636602302416151e+01 1.590965843552270798e+01 1.547529413421700895e+01 1.532265692663584211e+01 1.582261361208498052e+01 1.522072636267198575e+01 1.510738560919155837e+01 1.537759854542193416e+01 1.585286841172561445e+01 1.573704353410175116e+01 1.506255478422293415e+01 1.599931966976805597e+01 1.509370929229815950e+01 1.569265754379345879e+01 1.512878030338725033e+01 1.545712728382937229e+01 1.583499370562686259e+01 1.578949154467820648e+01 1.546553004980934354e+01 1.586133355847828241e+01 1.560906170476399168e+01 1.556111951056676190e+01 1.573891777263277802e+01 1.547437795583540954e+01 1.501110889414990268e+01 1.535480919713220338e+01 1.520337491542924546e+01 1.599829637193908205e+01 1.538636345553027596e+01 1.516702813736984012e+01 1.511471561801577757e+01
5.555598399826894296e-01 1.581554167358145513e+01 1.531397094625802779e+01 1.517503735882986504e+01 1.514710243277172097e+01 1.517643680252966121e+01 1.534646599860849925e+01 1.504202637263671605e+01 1.540155112455394182e+01 1.533459880726212354e+01 1.539601766563752605e+01 1.528511038434302449e+01 1.510220451266275887e+01 1.592956805478911697e+01 1.554570913735729221e+01 1.555775504868061532e+01 1.521369106995657461e+01 1.570839252764517013e+01 1.532741056892746201e+01 1.519289521533214682e+01 1.593493591603765580e+01 1.524429580021334374e+01 1.547664054256249244e+01 1.591951468850665030e+01 1.569647785256741201e+01 1.539116481033914319e+01 1.518364418866765853e+01 1.567324772592569282e+01 1.519338159616834538e+01 1.578361252419797545e+01 1.546024169862029041e+01 1.566642533597194031e+01 1.506623227017166933e+01 1.591704802824536991e+01 1.508381097216296141e+01 1.502936165598821461e+01 1.562394867652858643e+01
1.699817973929454995e-01 1.505621251882306311e+01 1.584655625545805435e+01 1.576193345262845114e+01 1.568491060583848373e+01 1.595024015976694010e+01 1.592389588453674598e+01 1.545238458772976209e+01 1.591966191615821025e+01 1.586775586498742996e+01 1.532358883383996506e+01 1.547901908918127489e+01 1.579685993992959858e+01 1.563552299490661746e+01 1.503550315495060197e+01 1.532360390812015538e+01 1.550895245119206223e+01 1.540309025509686691e+01 1.564230391866899517e+01 1.574231594745953267e+01 1.547289821846470304e+01 1.558330759095177065e+01 1.570223338747787523e+01 1.583784971670592689e+01 1.500360603245902347e+01 1.511446316658594569e+01 1.534534062686913281e+01 1.588484247045601272e+01 1.554775047905200580e+01 1.594178438975402479e+01 1.543745040295721616e+01 1.512175290785101467e+01 1.514743418294980870e+01 1.546377211190263523e+01 1.583582530947174227e+01 1.514471867709359287e+01 1.501643531528025832e+01
4.986923429632924565e-01 1.590209733138760306e+01 1.536229114431900200e+01 1.501488302043413192e+01 1.556851433400737861e+01 1.582528986344693855e+01 1.531531054414927517e+01 1.516807292617111713e+01 1.563760491946656117e+01 1.519814054609012466e+01 1.554664080951167193e+01 1.506619070213347733e+01 1.565653494319441386e+01 1.572256436033765326e+01 1.508306815457305383e+01 1.585725049414455867e+01 1.565256060502593272e+01 1.527158398302447218e+01 1.575769646867239970e+01 1.553299558050215268e+01 1.567092208520026730e+01 1.589874029004261935e+01 1.585508667087923662e+01 1.530106748651117421e+01 1.560487041474488024e+01 1.545441263576266167e+01 1.534850329725463070e+01 1.570190155323016690e+01 1.557287817875957892e+01 1.578988350446641320e+01 1.511715019483433942e+01 1.571370584415254434e+01 1.554058730440898906e+01 1.530395387038969801e+01 1.573348929916726213e+01 1.523434047507678635e+01 1.569796925482180150e+01
6.995774051866161525e-01 1.575059198124882975e+01 1.579262750301384877e+01 1.553771347203787911e+01 1.561045495819256246e+01 1.578524000377420045e+01 1.562895133267081071e+01 1.549894719178175961e+01 1.552470341335557258e+01 1.595725739732825765e+01 1.506482973769414713e+01 1.580572450948428731e+01 1.557840502813773753e+01 1.569047167952482091e+01 1.563976689790431074e+01 1.597220376509893569e+01 1.588647163009610175e+01 1.572373055953080367e+01 1.514016418092734284e+01 1.597913726478371821e+01 1.566757136622378077e+01 1.517883973316525648e+01 1.507188420194631462e+01 1.579035379497845604e+01 1.527904818097983330e+01 1.596678231491147315e+01 1.536103576209723798e+01 1.506395294604309854e+01 1.599388767225069685e+01 1.535030457976599472e+01 1.511974657369964525e+01 1.572405093833729595e+01 1.596280512557655307e+01 1.586640112138463010e+01 1.501505487486818780e+01 1.537970092447300985e+01 1.540890748285918832e+01
5.885452502730131874e-01 1.586957497438215370e+01 1.579420257949285400e+01 1.596112778531898257e+01 1.516635964126503744e+01 1.588661077024743129e+01 1.534825362880129695e+01 1.523779020954367880e+01 1.543309662860026776e+01 1.540850676838681999e+01 1.578994001456245400e+01 1.578424053917822434e+01 1.521681558993027217e+01 1.546306888731044715e+01 1.595792028617791125e+01 1.521345969659880559e+01 1.548577572449383588e+01 1.543937149137111930e+01 1.526926626677494703e+01 1.507926648903480604e+01 1.506661565294474414e+01 1.538130301972496206e+01 1.553222636224793796e+01 1.502009618933205459e+01 1.564853728469058680e+01 1.588879702234561009e+01 1.591509655447771721e+01 1.520095737589906904e+01 1.524266978571722220e+01 1.526258609966852653e+01 1.543640957752609921e+01 1.595233217541053961e+01 1.573477492741498196e+01 1.544643054108087554e+01 1.519887882359636144e+01 1.575580842166764484e+01 1.509252073739890321e+01
6.037136808514321773e-01 1.501246679944909346e+01 1.516857347541725609e+01 1.551808738542988131e+01 1.502451177167182905e+01 1.509464369605059630e+01 1.550226274220841205e+01 1.597808546556135134e+01 1.531494079475347192e+01 1.564457685874189252e+01 1.565450739186551843e+01 1.506235009483037146e+01 1.500378670246219670e+01 1.595241408608275435e+01 1.546095603977469324e+01 1.547380518718923526e+01 1.528255259283232093e+01 1.590782509732906114e+01 1.525150926742083612e+01 1.544220280657209443e+01 1.564564225567605504e+01 1.585844674707336033e+01 1.533566282979098894e+01 1.522338915178420926e+01 1.574573440348053666e+01 1.562322784101885098e+01 1.570442150976968065e+01 1.541322774948854679e+01 1.567458966712764834e+01 1.573519043913040605e+01 1.582475759861404008e+01 1.531532658571920358e+01 1.502708231860571075e+01 1.540533497573618149e+01 1.545656816386017951e+01 1.545833063884948544e+01 1.556395641544954600e+01
9.698279669349819665e-01 1.584136269256614327e+01 1.542689596041425482e+01 1.531978442908912186e+01 1.587528125214980967e+01 1.525377630820172925e+01 1.585620925592782093e+01 1.542302718285571572e+01 1.554970844767997562e+01 1.589494636722326604e+01 1.529207877571705332e+01 1.502563105234336049e+01 1.590718529971590023e+01 1.574025778023683486e+01 1.505439949760631357e+01 1.512497261864123033e+01 1.570044778111482131e+01 1.571206310597842837e+01 1.575657591285535730e+01 1.541973574462317487e+01 1.559001213852837608e+01 1.506405771815088457e+01 1.562697548198093678e+01 1.547500283979010405e+01 1.537656026454892988e+01 1.546515062015486208e+01 1.568027119833498517e+01 1.551779660444415754e+01 1.585887629924253694e+01 1.570992233829375451e+01 1.546777744308359637e+01 1.557021967764263337e+01 1.548438672273029049e+01 1.595202744299988140e+01 1.561663918315232102e+01 1.549336367024763206e+01 1.544063088619675739e+01
9.211064149994907524e-01 1.575743084849877107e+01 1.548112232923859821e+01 1.529712017769634613e+01 1.597183922750640761e+01 1.578791533434472782e+01 1.562315083286759254e+01 1.512616703293360487e+01 1.510176616497939506e+01 1.586745997271188635e+01 1.523638115657009884e+01 1.570763079544711793e+01 1.564970503779206190e+01 1.538474941903663229e+01 1.523314047303682806e+01 1.567269855215400476e+01 1.502335129429346594e+01 1.531798439821075419e+01 1.574502971265690476e+01 1.509668066302462641e+01 1.599252504441721179e+01 1.527012224868376933e+01 1.506134977193036661e+01 1.501902562353582482e+01 1.567093726400314146e+01 1.566284420988588444e+01 1.510426058612079103e+01 1.530697640742330279e+01 1.505287971030219474e+01 1.544219393938304918e+01 1.503851335621183338e+01 1.575382171569571810e+01 1.525804357279593404e+01 1.513929870931818122e+01 1.590085820920814541e+01 1.515027696012316305e+01 1.549244163623594694e+01
1.253143421261292412e-01 1.506669490052547111e+01 1.584103337058163419e+01 1.557788944949294319e+01 1.531371323645008964e+01 1.578998121279822264e+01 1.502477233852662586e+01 1.558400186052865344e+01 1.523915710732140028e+01 1.584970172178644887e+01 1.555965196436137354e+01 1.516765509294137892e+01 1.575696324105363644e+01 1.580548660787471960e+01 1.577850230046933255e+01 1.522935861704906557e+01 1.579573045109462903e+01 1.542022705139605776e+01 1.544816306842996489e+01 1.500454118685021854e+01 1.533470746940814422e+01 1.546629370198834508e+01 1.551080203388463907e+01 1.500726692833875120e+01 1.567187659902008967e+01 1.532661291790284608e+01 1.563170097344525900e+01 1.562354011931237352e+01 1.544417579508763971e+01 1.542651041260791978e+01 1.536841202675462803e+01 1.514693794435166119e+01 1.576506365257327147e+01 1.525392700235812171e+01 1.525510545175794341e+01 1.501827693017769505e+01 1.548944135069093697e+01
7.365721685069410718e-01 1.505346907578209681e+01 1.546575984662626801e+01 1.553027373294972868e+01 1.554841280692369132e+01 1.552583735361533890e+01 1.531484760035606385e+01 1.599681720261441953e+01 1.557769395210741337e+01 1.522078462547352551e+01 1.530982761529249814e+01 1.510553687427609226e+01 1.553548576941051529e+01 1.520582023682010586e+01 1.570789635747803104e+01 1.571968297024280048e+01 1.552230760276654919e+01 1.581423653748896818e+01 1.573477327310693497e+01 1.554803729497531606e+01 1.511485429361761668e+01 1.563192466438120221e+01 1.512855398542476593e+01 1.557444386938566261e+01 1.503846158881324335e+01 1.563234287129924027e+01 1.563423159021780329e+01 1.548079155082944425e+01 1.531374287081571062e+01 1.564118445103078159e+01 1.510697488983797498e+01 1.577494027853116343e+01 1.562946931729272215e+01 1.535343637730022515e+01 1.571855336850132900e+01 1.504869400802095925e+01 1.533080440491318086e+01
3.290712219291030971e-01 1.515056948418684257e+01 1.505683138669517973e+01 1.546727094492118404e+01 1.578956237309825283e+01 1.526192797852220551e+01 1.526932329407199163e+01 1.540772365248826681e+01 1.567829397538622160e+01 1.545345341503060865e+01 1.503150437260375760e+01 1.517445112294327458e+01 1.523797710265925964e+01 1.599569236222475155e+01 1.519913543300404335e+01 1.595052214668656276e+01 1.547524651117428895e+01 1.551343743818744336e+01 1.518265977339701500e+01 1.526327500140476978e+01 1.519481169635146500e+01 1.596735335245315213e+01 1.594814197073541706e+01 1.579945690102493572e+01 1.541425183546171773e+01 1.526597283986386344e+01 1.501137003015317894e+01 1.566106151050702522e+01 1.584031875081013574e+01 1.597759482317897728e+01 1.568438577457676431e+01 1.543799535202336770e+01 1.537113089474537908e+01 1.580636075336558477e+01 1.501466507363599945e+01 1.534572093327983389e+01 1.560145772038434231e+01
6.943889590767245990e-01 1.537689897756202662e+01 1.574414751444751914e+01 1.582427826581266217e+01 1.511305935963799207e+01 1.507397474823421746e+01 1.520883735202288989e+01 1.511455789734258914e+01 1.561455978534038636e+01 1.559011638503488939e+01 1.563709279762158388e+01 1.553088435187327221e+01 1.535385898034849994e+01 1.590989422614638293e+01 1.553394110902645053e+01 1.523286319107481468e+01 1.592599806637782400e+01 1.599927494030087693e+01 1.584765715680848963e+01 1.562464753764998093e+01 1.542217220172137537e+01 1.524134167196864809e+01 1.541925310143759376e+01 1.536705891215108366e+01 1.522367446461985985e+01 1.524584510224041267e+01 1.545268457212571001e+01 1.572788938482269394e+01 1.584329676324932912e+01 1.566816070878479650e+01 1.585009863671368358e+01 1.520149735507862587e+01 1.542684976583621648e+01 1.550423502035220480e+01 1.590909005789352193e+01 1.541370187614564635e+01 1.549002650218383081e+01
6.225419423440315958e-01 1.580324999159744159e+01 1.525472628272121334e+01 1.562130790777699652e+01 1.570634404780100546e+01 1.599214365862489018e+01 1.545552348030582301e+01 1.573089439852010685e+01 1.591501351904422634e+01 1.540857280610531888e+01 1.505395995978937762e+01 1.575553787352126989e+01 1.523044950632025873e+01 1.523007338683976464e+01 1.536804673630174634e+01 1.539995376333450139e+01 1.564619543969204862e+01 1.593204689316297262e+01 1.557503787215047630e+01 1.572241748697742025e+01 1.535059286280212199e+01 1.508183145182479024e+01 1.576692980759392348e+01 1.547114227235068462e+01 1.578722923971189296e+01 1.538483815309475844e+01 1.558034001225653853e+01 1.531774731664527778e+01 1.524129361319526588e+01 1.571609274142780777e+01 1.581677623240489083e+01 1.529717993858361069e+01 1.500747279460276573e+01 1.527126247717098906e+01 1.534669263743452916e+01 1.547872832998263526e+01 1.572643278724141425e+01
5.601722477485113760e-01 1.538145225823964601e+01 1.545502719221914134e+01 1.512742449346700901e+01 1.517939837051995333e+01 1.515450878318896066e+01 1.581154461206366868e+01 1.531901100090388468e+01 1.561964062520044294e+01 1.514230784731167034e+01 1.564484218406753513e+01 1.528703606658509706e+01 1.563265925379442400e+01 1.523937263817187215e+01 1.545214967133497375e+01 1.591376558554208209e+01 1.518357121012564548e+01 1.578518412150497774e+01 1.573306439685459956e+01 1.584149924734358628e+01 1.551847500603586205e+01 1.549717006657820839e+01 1.517342860211012834e+01 1.588633326307089888e+01 1.553510409783309143e+01 1.517897494365470124e+01 1.533997772636007539e+01 1.567172698287748922e+01 1.534594731675362311e+01 1.597418559691949724e+01 1.522766404559402886e+01 1.572902645669920929e+01 1.546607563567226684e+01 1.571438245238277709e+01 1.584130537831650543e+01 1.594249446570211326e+01 1.510790986823490023e+01
8.725851154222610262e-01 1.571648220713857036e+01 1.500719818679295336e+01 1.567009959092331961e+01 1.535587535311943341e+01 1.596125078487331095e+01 1.502209591732457561e+01 1.549797726393972397e+01 1.509091689293336991e+01 1.524184730921049535e+01 1.562720468134145158e+01 1.540895547403930088e+01 1.548295684765082569e+01 1.585765169262608154e+01 1.527726251643103339e+01 1.595001391134750612e+01 1.570465162097583622e+01 1.517644095351742273e+01 1.568764452333980763e+01 1.509542961655619742e+01 1.581874080129138171e+01 1.573868375661311703e+01 1.559668026865860924e+01 1.521824922495262911e+01 1.585211248748670165e+01 1.513617280224988448e+01 1.569650492787147833e+01 1.551244852665328011e+01 1.530925901585274040e+01 1.512093300141942365e+01 1.561430926200828218e+01 1.555076162003741125e+01 1.523953881628657747e+01 1.575522054579077569e+01 1.548993132456145005e+01 1.513378577915735157e+01 1.522499855143701453e+01
